-130.7009888	55.57128906
-130.7006836	55.57110596
-130.7003784	55.57092285
-130.7001953	55.57067871
-130.6998901	55.57049561
-130.699707	55.5703125
-130.6994019	55.57012939
-130.6992798	55.56988525
-130.6989746	55.56970215
-130.6986084	55.5692749
-130.6984863	55.56890869
-130.6984863	55.56848145
-130.6983032	55.56811523
-130.6981201	55.56787109
-130.6981201	55.56750488
-130.6981201	55.56707764
-130.697998	55.56671143
-130.697998	55.56628418
-130.7154192	55.54482409
-130.6973877	55.56567383
-130.6973877	55.56488037
-130.6970825	55.56408691
-130.6965942	55.5637207
-130.6964111	55.56347656
-130.6964111	55.56268311
-130.6962891	55.56207275
-130.696106	55.56170654
-130.6959839	55.5612793
-130.6958008	55.56109619
-130.6956787	55.56091309
-130.6793407	55.58648482
-130.6951904	55.55987549
-130.6945801	55.55969238
-130.6940918	55.55932617
-130.6937866	55.55950928
-130.6932983	55.55950928
-130.6928101	55.55969238
-130.6923218	55.55987549
-130.6918945	55.55987549
-130.6912842	55.56011963
-130.690979	55.56011963
-130.6906128	55.56030273
-130.6901855	55.56072998
-130.689209	55.56170654
-130.6896973	55.56109619
-130.6889038	55.56231689
-130.6885986	55.56268311
-130.6882935	55.56311035
-130.6879883	55.5637207
-130.6878052	55.56408691
-130.6875	55.56469727
-130.6871948	55.56530762
-130.6870117	55.56567383
-130.6868286	55.56628418
-130.6865845	55.56689453
-130.6864014	55.56732178
-130.6862183	55.56768799
-130.6860962	55.56811523
-130.685791	55.56872559
-130.6854248	55.5692749
-130.6851196	55.56988525
-130.6848755	55.5703125
-130.6846924	55.57067871
-130.6845093	55.57110596
-130.6842041	55.57171631
-130.6838989	55.57232666
-130.6837158	55.57269287
-130.6834106	55.57330322
-130.6832886	55.57348633
-130.6831055	55.57391357
-130.6828003	55.57452393
-130.6824951	55.57507324
-130.6821289	55.57550049
-130.6817017	55.57611084
-130.6813965	55.57647705
-130.6812134	55.5769043
-130.680603	55.57727051
-130.6801758	55.57769775
-130.6798096	55.578125
-130.6793823	55.57830811
-130.678894	55.57867432
-130.6785889	55.57891846
-130.6781006	55.57928467
-130.6774902	55.57952881
-130.677002	55.57971191
-130.6763916	55.57989502
-130.6759033	55.58007813
-130.6754761	55.58032227
-130.6751099	55.58032227
-130.6744995	55.58050537
-130.6740112	55.58068848
-130.6734009	55.58068848
-130.6727295	55.58087158
-130.6721802	55.58111572
-130.671814	55.58111572
-130.6713867	55.58129883
-130.6707764	55.58129883
-130.6702881	55.58148193
-130.6699829	55.58148193
-130.6693115	55.58148193
-130.6688843	55.58129883
-130.6685181	55.58129883
-130.6680908	55.58129883
-130.6677246	55.58111572
-130.6672974	55.58111572
-130.6669922	55.58111572
-130.666626	55.58087158
-130.6661987	55.58087158
-130.6657104	55.58087158
-130.6652222	55.58068848
-130.6652832	55.58032227
-130.6652832	55.58007813
-130.6654053	55.57971191
-130.6654053	55.57928467
-130.6655273	55.57891846
-130.6655884	55.57830811
-130.6655884	55.57788086
-130.6657104	55.57751465
-130.6658936	55.5770874
-130.6660767	55.5769043
-130.6661987	55.57629395
-130.6663818	55.57611084
-130.6665039	55.57568359
-130.666687	55.57531738
-130.6668091	55.57507324
-130.6669922	55.57470703
-130.6671753	55.57452393
-130.6672974	55.57409668
-130.6674805	55.57373047
-130.6676025	55.57330322
-130.6677856	55.57312012
-130.6680298	55.57269287
-130.6682129	55.57232666
-130.668396	55.57189941
-130.6685791	55.57171631
-130.6688232	55.57128906
-130.6691284	55.57092285
-130.6693115	55.57067871
-130.6694946	55.57049561
-130.6696777	55.57012939
-130.6699829	55.56988525
-130.670105	55.56970215
-130.6704102	55.5692749
-130.6707153	55.56890869
-130.6708984	55.56848145
-130.6710815	55.56829834
-130.6713867	55.56768799
-130.6715088	55.56750488
-130.671814	55.56707764
-130.6719971	55.56689453
-130.6723022	55.56671143
-130.6726074	55.56652832
-130.6729126	55.56628418
-130.6732788	55.56610107
-130.673584	55.56591797
-130.6738892	55.56567383
-130.6741943	55.56567383
-130.6744995	55.56530762
-130.6749268	55.56512451
-130.675293	55.56488037
-130.6757813	55.56469727
-130.6762085	55.56451416
-130.6765747	55.56408691
-130.6768799	55.56408691
-130.677124	55.56390381
-130.6774902	55.5637207
-130.6777954	55.56347656
-130.6782227	55.56329346
-130.6785278	55.56311035
-130.678894	55.56292725
-130.6793213	55.56268311
-130.6798096	55.56231689
-130.6801758	55.56207275
-130.6804199	55.56207275
-130.6807251	55.56188965
-130.6812134	55.56152344
-130.6815796	55.5612793
-130.6818848	55.56109619
-130.682312	55.56091309
-130.6826172	55.56072998
-130.6829224	55.56048584
-130.6834106	55.56048584
-130.6838989	55.56048584
-130.6843872	55.56048584
-130.6848145	55.56030273
-130.6854248	55.56030273
-130.6859131	55.56011963
-130.6862793	55.56011963
-130.6868896	55.55987549
-130.6873169	55.55987549
-130.6876831	55.55969238
-130.6879883	55.55969238
-130.6884155	55.55950928
-130.6887207	55.55932617
-130.6890259	55.55908203
-130.6895752	55.55889893
-130.6898804	55.55871582
-130.6901855	55.55847168
-130.6906128	55.55847168
-130.6912231	55.55828857
-130.6915894	55.55810547
-130.6918945	55.55792236
-130.6921997	55.55792236
-130.692688	55.55767822
-130.692688	55.55731201
-130.6928101	55.55688477
-130.692688	55.55651855
-130.6925049	55.55627441
-130.6918945	55.5557251
-130.6917114	55.55548096
-130.6915894	55.55529785
-130.6914063	55.55487061
-130.6911011	55.5546875
-130.6903076	55.55407715
-130.6896973	55.55328369
-130.6895752	55.55267334
-130.6893921	55.55249023
-130.6887817	55.55187988
-130.6884766	55.55187988
-130.6878052	55.55108643
-130.6878052	55.55133057
-130.6878052	55.55108643
-130.6873779	55.55090332
-130.6871948	55.55072021
-130.6870117	55.55047607
-130.6870117	55.55010986
-130.6870117	55.54968262
-130.6870117	55.54907227
-130.6871948	55.54888916
-130.6875	55.54852295
-130.6878052	55.54827881
-130.6879883	55.5480957
-130.6884155	55.5479126
-130.6887817	55.5479126
-130.6890869	55.54772949
-130.689209	55.54748535
-130.6895752	55.54748535
-130.6898804	55.54748535
-130.6901245	55.54748535
-130.6904297	55.54748535
-130.6907959	55.54748535
-130.6912842	55.54730225
-130.6917114	55.54730225
-130.6918945	55.54711914
-130.6923828	55.54711914
-130.6928101	55.54711914
-130.6936035	55.546875
-130.6939087	55.546875
-130.6942139	55.54669189
-130.6945801	55.54669189
-130.6948853	55.54650879
-130.6951904	55.54650879
-130.6956787	55.54650879
-130.696106	55.54650879
-130.6962891	55.54632568
-130.6967163	55.54608154
-130.6970825	55.54589844
-130.6973877	55.54571533
-130.6978149	55.54571533
-130.6981812	55.54547119
-130.6984863	55.54547119
-130.6986084	55.54528809
-130.6989746	55.54528809
-130.6995239	55.54510498
-130.7000122	55.54492188
-130.7001953	55.54467773
-130.7005005	55.54449463
-130.7006226	55.54412842
-130.7008057	55.54388428
-130.7009888	55.54327393
-130.7011108	55.54290771
-130.7011108	55.54248047
-130.7011108	55.54211426
-130.7011108	55.54187012
-130.7011108	55.54150391
-130.7011108	55.54107666
-130.7009888	55.54089355
-130.7009277	55.54052734
-130.7008057	55.5402832
-130.7006226	55.53991699
-130.7001953	55.53948975
-130.6998901	55.53930664
-130.6994019	55.53912354
-130.6992798	55.53887939
-130.6989746	55.53887939
-130.6983032	55.53869629
-130.6973877	55.53851318
-130.6964111	55.53833008
-130.6956787	55.53833008
-130.6948853	55.53833008
-130.694519	55.53833008
-130.6940918	55.53851318
-130.6939087	55.53869629
-130.6934814	55.53887939
-130.6931763	55.53912354
-130.6929932	55.53930664
-130.6928101	55.53948975
-130.6925049	55.53967285
-130.6925049	55.53991699
-130.6923828	55.5402832
-130.6923218	55.54052734
-130.6921997	55.5413208
-130.6920776	55.54150391
-130.6915894	55.54248047
-130.6915283	55.54272461
-130.6912842	55.54309082
-130.690918	55.54351807
-130.6906128	55.54370117
-130.6901245	55.54431152
-130.6898804	55.54449463
-130.6896973	55.54467773
-130.689209	55.54492188
-130.6890869	55.54528809
-130.6887817	55.54547119
-130.6885986	55.54571533
-130.6884155	55.54589844
-130.6881104	55.54608154
-130.6876831	55.54632568
-130.6873169	55.54650879
-130.6868286	55.54650879
-130.6862183	55.54669189
-130.6856079	55.54669189
-130.6853027	55.54650879
-130.6856079	55.54669189
-130.6845093	55.54650879
-130.6843872	55.54632568
-130.6837769	55.54608154
-130.6835938	55.54589844
-130.6834106	55.54571533
-130.6831055	55.54510498
-130.6829834	55.54449463
-130.6829834	55.54412842
-130.6829834	55.54351807
-130.6829834	55.54327393
-130.6829834	55.54272461
-130.6829834	55.54248047
-130.6829834	55.54168701
-130.6829834	55.5413208
-130.6829834	55.54089355
-130.6829834	55.54052734
-130.6829224	55.5402832
-130.6828003	55.5401001
-130.6828003	55.53967285
-130.6824951	55.53912354
-130.682312	55.53887939
-130.6821899	55.53869629
-130.6820068	55.53833008
-130.6818848	55.53808594
-130.6817017	55.53771973
-130.6815796	55.53747559
-130.6812134	55.53710938
-130.6807861	55.53631592
-130.680603	55.53588867
-130.680481	55.53552246
-130.6804199	55.53527832
-130.6802979	55.53509521
-130.6801758	55.534729
-130.6801147	55.53430176
-130.6799927	55.53411865
-130.6798096	55.53369141
-130.6795044	55.53308105
-130.6793823	55.53271484
-130.678894	55.5322876
-130.6785278	55.53192139
-130.6779175	55.53167725
-130.6777954	55.53149414
-130.6777954	55.53112793
-130.6768188	55.53051758
-130.6763916	55.53051758
-130.6760864	55.53051758
-130.6755981	55.53051758
-130.6754761	55.53027344
-130.6751099	55.53027344
-130.6748047	55.53027344
-130.6743774	55.53009033
-130.6738892	55.53009033
-130.6735229	55.53009033
-130.6732788	55.53009033
-130.6729126	55.53009033
-130.6726074	55.53009033
-130.6723022	55.53009033
-130.6721191	55.52990723
-130.671875	55.52972412
-130.6715088	55.52972412
-130.6713257	55.52947998
-130.6708984	55.52911377
-130.6702881	55.52893066
-130.6699829	55.52868652
-130.6696777	55.52850342
-130.6693115	55.52850342
-130.6690063	55.52850342
-130.6687012	55.52832031
-130.6685791	55.52807617
-130.6680298	55.52789307
-130.6674194	55.52770996
-130.6671753	55.52752686
-130.6668091	55.52752686
-130.6663818	55.52752686
-130.6657104	55.52752686
-130.6652222	55.52752686
-130.664917	55.52752686
-130.6646118	55.52752686
-130.6636963	55.52752686
-130.6633911	55.52752686
-130.6630249	55.52752686
-130.6622925	55.52752686
-130.6618042	55.52728271
-130.661499	55.52728271
-130.661377	55.52709961
-130.6607056	55.52709961
-130.6604004	55.52709961
-130.6596069	55.52709961
-130.6593018	55.5269165
-130.6583862	55.52667236
-130.6578979	55.52667236
-130.6575928	55.52648926
-130.6572876	55.52648926
-130.6569824	55.52648926
-130.6566772	55.52648926
-130.656311	55.52648926
-130.6558838	55.52648926
-130.6555786	55.52648926
-130.6552124	55.52630615
-130.6549072	55.52630615
-130.6546021	55.52612305
-130.6541748	55.52612305
-130.6538086	55.52612305
-130.6535034	55.52612305
-130.6531982	55.52587891
-130.6528931	55.52587891
-130.6522827	55.52587891
-130.6517944	55.52587891
-130.6514893	55.52587891
-130.6511841	55.52587891
-130.6503906	55.52587891
-130.6499023	55.52587891
-130.649292	55.5256958
-130.6489868	55.5256958
-130.6483154	55.5255127
-130.6480103	55.5255127
-130.6473999	55.5255127
-130.6470947	55.52532959
-130.6463013	55.52532959
-130.6459961	55.52532959
-130.6455078	55.52532959
-130.6452026	55.52532959
-130.6447754	55.52532959
-130.6437988	55.52532959
-130.6431885	55.52532959
-130.6428833	55.52532959
-130.6425171	55.52532959
-130.6419067	55.52532959
-130.6416016	55.52532959
-130.6411133	55.52532959
-130.640686	55.52532959
-130.6403198	55.52532959
-130.6397095	55.52532959
-130.6390991	55.52532959
-130.6384888	55.52532959
-130.6381836	55.52532959
-130.6376953	55.52532959
-130.6373901	55.52532959
-130.637085	55.52532959
-130.6367798	55.52532959
-130.6364746	55.52532959
-130.6359863	55.52532959
-130.635498	55.52532959
-130.6350098	55.52532959
-130.6350098	55.52508545
-130.6342773	55.52508545
-130.6339111	55.52508545
-130.6331787	55.52508545
-130.6326294	55.52508545
-130.631897	55.5255127
-130.6315918	55.5256958
-130.6312866	55.52587891
-130.6312256	55.52612305
-130.6307983	55.52612305
-130.6304932	55.52630615
-130.6303101	55.52648926
-130.6298828	55.52648926
-130.6293945	55.5269165
-130.6292114	55.52709961
-130.6287842	55.52728271
-130.628479	55.52770996
-130.6281128	55.52807617
-130.6276855	55.52807617
-130.6273804	55.52832031
-130.6270752	55.52832031
-130.626709	55.52832031
-130.6264038	55.52832031
-130.6259766	55.52832031
-130.6256104	55.52807617
-130.6253052	55.52807617
-130.6248779	55.52770996
-130.6245117	55.52728271
-130.6243286	55.52667236
-130.6242065	55.52648926
-130.6239014	55.52612305
-130.6237793	55.52587891
-130.6235962	55.5256958
-130.6234131	55.5255127
-130.62323	55.52508545
-130.6229858	55.52490234
-130.6224976	55.5244751
-130.6220093	55.52410889
-130.6212769	55.52368164
-130.6209106	55.52349854
-130.6203003	55.52331543
-130.619812	55.52331543
-130.6192017	55.52331543
-130.6187134	55.52331543
-130.6176758	55.52349854
-130.6168213	55.52368164
-130.6162109	55.52410889
-130.6160889	55.5244751
-130.6160889	55.52508545
-130.6160889	55.5255127
-130.6160278	55.52630615
-130.6160278	55.52709961
-130.6160278	55.52770996
-130.6162109	55.52807617
-130.6165771	55.52868652
-130.6168823	55.52947998
-130.6173096	55.53009033
-130.6176758	55.53070068
-130.6182251	55.53088379
-130.6184082	55.53131104
-130.6188965	55.53167725
-130.6193237	55.5322876
-130.619812	55.53271484
-130.619812	55.53308105
-130.619812	55.53369141
-130.619812	55.53411865
-130.619812	55.53448486
-130.619812	55.534729
-130.6196899	55.53527832
-130.6193848	55.53552246
-130.6192017	55.53588867
-130.6182861	55.53649902
-130.6176147	55.53649902
-130.6171875	55.53649902
-130.6165771	55.53649902
-130.6154175	55.53649902
-130.6146851	55.53607178
-130.6143188	55.53570557
-130.6132813	55.53527832
-130.612915	55.53448486
-130.6126099	55.53369141
-130.6126099	55.53289795
-130.6126099	55.53192139
-130.6126099	55.53131104
-130.6126099	55.53027344
-130.6126099	55.52929688
-130.6126099	55.52850342
-130.6126099	55.52770996
-130.6126099	55.52648926
-130.612793	55.52587891
-130.6130981	55.52508545
-130.6134033	55.5244751
-130.6137085	55.52392578
-130.6140747	55.52368164
-130.614502	55.52331543
-130.614624	55.52288818
-130.614624	55.52227783
-130.614624	55.52191162
-130.6143799	55.52172852
-130.6140747	55.52148438
-130.6134033	55.52148438
-130.6130981	55.52172852
-130.6126099	55.52172852
-130.6124878	55.52191162
-130.6121826	55.52209473
-130.6118774	55.52227783
-130.6116943	55.52252197
-130.611084	55.52288818
-130.6109009	55.52307129
-130.6107788	55.52331543
-130.6104126	55.52349854
-130.6101074	55.52349854
-130.6098022	55.52368164
-130.6091919	55.52368164
-130.6085815	55.52368164
-130.6082153	55.52368164
-130.6074829	55.52368164
-130.6068115	55.52368164
-130.6065063	55.52392578
-130.6062012	55.52410889
-130.6055908	55.52429199
-130.6052856	55.5244751
-130.6044922	55.52471924
-130.6038818	55.52508545
-130.6032104	55.52508545
-130.6027222	55.52532959
-130.6016846	55.52532959
-130.6013184	55.52532959
-130.6010132	55.52532959
-130.600708	55.5255127
-130.6002808	55.5255127
-130.5996094	55.5255127
-130.5991821	55.5255127
-130.5983276	55.5255127
-130.5977173	55.5255127
-130.5971069	55.52532959
-130.5964966	55.52508545
-130.5963745	55.52490234
-130.5955811	55.52471924
-130.59552	55.5244751
-130.5952759	55.52429199
-130.5944824	55.52410889
-130.5941772	55.52410889
-130.593811	55.52410889
-130.5933838	55.52410889
-130.5930786	55.52410889
-130.5928955	55.52429199
-130.5911865	55.52508545
-130.59021	55.52587891
-130.5900879	55.52612305
-130.5899048	55.52648926
-130.5889893	55.52770996
-130.5883179	55.52868652
-130.5878906	55.52972412
-130.5878906	55.53027344
-130.5878906	55.53192139
-130.5878906	55.53289795
-130.5880127	55.5333252
-130.5877075	55.53411865
-130.5875854	55.534729
-130.5869751	55.53588867
-130.5864868	55.53631592
-130.5855103	55.53710938
-130.5844116	55.53747559
-130.583313	55.53747559
-130.5819092	55.53747559
-130.5811768	55.53729248
-130.5803833	55.53692627
-130.5791016	55.53588867
-130.5789795	55.53491211
-130.5795898	55.53387451
-130.5806885	55.53369141
-130.5819092	55.53308105
-130.5827026	55.53271484
-130.583313	55.53210449
-130.5841064	55.53149414
-130.5845947	55.53088379
-130.5852051	55.52990723
-130.5858765	55.52911377
-130.5864868	55.52850342
-130.5869751	55.52770996
-130.5874023	55.5269165
-130.5878296	55.52630615
-130.5878906	55.5255127
-130.5875854	55.52471924
-130.5875854	55.52429199
-130.5875854	55.52392578
-130.5875244	55.52349854
-130.5874023	55.52331543
-130.5872192	55.52252197
-130.5872192	55.52227783
-130.5864258	55.52172852
-130.5858765	55.52148438
-130.585022	55.52148438
-130.5841064	55.52130127
-130.583313	55.52087402
-130.5827026	55.52050781
-130.5819092	55.52032471
-130.581604	55.52032471
-130.5809937	55.52008057
-130.5805054	55.51971436
-130.579895	55.51928711
-130.5795288	55.5189209
-130.5792847	55.51867676
-130.5789185	55.51849365
-130.5783081	55.51831055
-130.5780029	55.51831055
-130.5770264	55.5178833
-130.5767822	55.51751709
-130.5767212	55.51690674
-130.5767212	55.51629639
-130.5767212	55.51550293
-130.5767822	55.51428223
-130.5769043	55.51367188
-130.5769043	55.51330566
-130.5770874	55.51269531
-130.5780029	55.51171875
-130.5783081	55.5112915
-130.5789185	55.51068115
-130.5794067	55.5100708
-130.5800171	55.50909424
-130.5806885	55.50830078
-130.5809937	55.50732422
-130.5811768	55.50689697
-130.5812988	55.50610352
-130.5812988	55.50531006
-130.5814819	55.50427246
-130.5814819	55.50372314
-130.5803833	55.5032959
-130.5805054	55.503479
-130.5797119	55.503479
-130.5787964	55.503479
-130.5775757	55.50408936
-130.5772095	55.50427246
-130.5769043	55.50469971
-130.5759888	55.50567627
-130.5756226	55.50628662
-130.5755005	55.50708008
-130.5755005	55.50787354
-130.5753784	55.50891113
-130.5753784	55.5098877
-130.5753784	55.51049805
-130.5755005	55.51092529
-130.5755005	55.51147461
-130.5756836	55.51208496
-130.5758057	55.51287842
-130.5758057	55.51330566
-130.5758057	55.51391602
-130.5758057	55.51428223
-130.5758057	55.51470947
-130.5756836	55.51489258
-130.5755005	55.51507568
-130.5748901	55.51507568
-130.5745239	55.51507568
-130.5744019	55.51489258
-130.5737915	55.51470947
-130.5733032	55.51452637
-130.5725098	55.51428223
-130.5717163	55.51428223
-130.5706787	55.51428223
-130.5701294	55.51428223
-130.5695801	55.51452637
-130.5684814	55.51507568
-130.5684204	55.51531982
-130.567688	55.51550293
-130.5671997	55.51593018
-130.5664063	55.51629639
-130.5657959	55.51647949
-130.5654907	55.51690674
-130.564209	55.51751709
-130.5634766	55.5178833
-130.5629883	55.51831055
-130.5618286	55.5189209
-130.5617065	55.519104
-130.5601807	55.51971436
-130.5592041	55.52032471
-130.5582886	55.52069092
-130.5581055	55.52087402
-130.5579224	55.52172852
-130.5576782	55.52172852
-130.5570068	55.52191162
-130.5559082	55.52270508
